FID	IID	PHENO
1	1	2.171517
2	2	4.856231
3	3	1.773717
4	4	1.422615
5	5	5.113367
6	6	2.722815
7	7	4.089503
8	8	2.103361
9	9	2.446169
10	10	2.323701
11	11	1.8719
12	12	3.887179
13	13	2.043581
14	14	1.810272
15	15	2.342636
16	16	4.781458
17	17	4.174451
18	18	2.488384
19	19	2.805343
20	20	4.075372
21	21	5.184182
22	22	1.913085
23	23	2.910468
24	24	1.623177
25	25	1.828586
26	26	2.92875
27	27	2.185463
28	28	3.315366
29	29	3.459237
30	30	3.764231
31	31	4.007776
32	32	3.526608
33	33	4.558968
34	34	3.164987
35	35	1.78514
36	36	4.142735
37	37	3.325069
38	38	2.374894
39	39	1.642539
40	40	3.094408
41	41	5.340734
42	42	3.257394
43	43	2.395485
44	44	3.689487
45	45	2.223445
46	46	2.47326
47	47	2.761388
48	48	3.719976
49	49	3.31058
50	50	4.286042
51	51	3.467929
52	52	2.809812
53	53	1.510112
54	54	3.305173
55	55	2.635748
56	56	4.25307
57	57	1.790842
58	58	4.117979
59	59	3.696536
60	60	5.043025
61	61	1.553219
62	62	1.753561
63	63	4.169475
64	64	2.968117
65	65	2.089987
66	66	3.550722
67	67	5.23622
68	68	4.9038
69	69	4.837345
70	70	2.085147
71	71	2.127794
72	72	3.396403
73	73	4.216525
74	74	4.258653
75	75	5.17916
76	76	4.357702
77	77	2.112379
78	78	2.908676
79	79	2.494751
80	80	5.618979
81	81	4.665587
82	82	3.640009
83	83	3.189873
84	84	2.412152
85	85	3.241722
86	86	3.691769
87	87	3.078116
88	88	1.487348
89	89	4.159351
90	90	3.172232
91	91	3.87749
92	92	1.67843
93	93	4.191994
94	94	3.0967
95	95	3.632101
96	96	3.641257
97	97	2.570248
98	98	4.608672
99	99	3.185962
100	100	2.670259
101	101	4.203096
102	102	5.144516
103	103	3.168323
104	104	3.634074
105	105	2.965299
106	106	2.639509
107	107	2.451807
108	108	3.459869
109	109	5.029059
110	110	4.74134
111	111	3.454967
112	112	5.234252
113	113	2.289048
114	114	4.030084
115	115	3.67778
116	116	2.004764
117	117	2.501356
118	118	2.481188
119	119	1.769404
120	120	4.705638
121	121	5.417955
122	122	4.67621
123	123	4.321333
124	124	2.587914
125	125	4.296311
126	126	5.618282
127	127	2.972074
128	128	2.435815
129	129	3.70591
130	130	4.864882
131	131	2.408726
132	132	3.390743
133	133	2.771142
134	134	2.570976
135	135	4.772004
136	136	3.573149
137	137	3.144833
138	138	1.451874
139	139	2.539404
140	140	2.677619
141	141	3.182796
142	142	4.472416
143	143	4.604577
144	144	4.001417
145	145	1.986356
146	146	3.089783
147	147	3.915073
148	148	1.865366
149	149	3.554537
150	150	2.393994
151	151	1.823412
152	152	1.700151
153	153	4.04038
154	154	3.994697
155	155	3.370471
156	156	2.717658
157	157	1.753369
158	158	3.71802
159	159	3.187392
160	160	1.346974
161	161	4.289516
162	162	4.125481
163	163	1.596827
164	164	3.569929
165	165	1.556807
166	166	1.870018
167	167	1.618181
168	168	2.656807
169	169	2.422329
170	170	2.047293
171	171	3.410251
172	172	2.673933
173	173	3.079761
174	174	4.765672
175	175	4.464232
176	176	3.189477
177	177	2.275537
178	178	3.343995
179	179	2.932773
180	180	4.225963
181	181	2.664321
182	182	2.599097
183	183	4.488328
184	184	3.97676
185	185	2.34058
186	186	3.933507
187	187	2.511842
188	188	3.08533
189	189	2.806842
190	190	6.106589
191	191	3.967492
192	192	2.31409
193	193	3.229107
194	194	2.377777
195	195	1.704075
196	196	2.148114
197	197	2.31333
198	198	5.226966
199	199	1.757293
200	200	4.305028
201	201	4.43102
202	202	3.222486
203	203	1.988132
204	204	1.182565
205	205	3.569828
206	206	4.648572
207	207	1.362548
208	208	3.627398
209	209	3.027079
210	210	1.77975
211	211	4.024084
212	212	3.27341
213	213	3.749281
214	214	2.217304
215	215	2.464652
216	216	4.891588
217	217	4.231431
218	218	2.409724
219	219	2.393725
220	220	2.692745
221	221	3.329671
222	222	3.583123
223	223	1.763737
224	224	2.829914
225	225	5.810665
226	226	2.613091
227	227	1.979345
228	228	2.232498
229	229	5.152342
230	230	1.182752
231	231	2.469354
232	232	2.693104
233	233	1.754398
234	234	1.434074
235	235	4.101469
236	236	5.034495
237	237	1.913269
238	238	0.783871
239	239	2.996286
240	240	2.796574
241	241	2.944372
242	242	2.787571
243	243	2.038851
244	244	1.36346
245	245	3.844655
246	246	3.887189
247	247	2.879206
248	248	2.714808
249	249	1.41106
250	250	2.509272
251	251	4.509742
252	252	2.478575
253	253	2.887396
254	254	3.878614
255	255	3.238849
256	256	1.701593
257	257	1.801299
258	258	5.631345
259	259	2.635281
260	260	2.281004
261	261	3.536667
262	262	2.993335
263	263	3.693141
264	264	2.108976
265	265	3.888327
266	266	1.721386
267	267	3.174672
268	268	4.128047
269	269	3.042839
270	270	1.974943
271	271	3.986163
272	272	2.021967
273	273	3.720465
274	274	3.478222
275	275	2.378805
276	276	2.923283
277	277	3.471301
278	278	4.36799
279	279	2.486984
280	280	2.072693
281	281	3.638923
282	282	1.609388
283	283	2.985354
284	284	4.024496
285	285	2.003343
286	286	4.763162
287	287	2.401527
288	288	1.715525
289	289	2.199048
290	290	2.582575
291	291	0.778037
292	292	3.388829
293	293	5.374139
294	294	4.359543
295	295	2.47611
296	296	2.881695
297	297	4.156364
298	298	1.680241
299	299	5.279788
300	300	2.160985
301	301	2.765209
302	302	2.079252
303	303	2.029242
304	304	4.713393
305	305	2.698814
306	306	3.307508
307	307	5.085361
308	308	2.002835
309	309	1.691405
310	310	1.487005
311	311	2.138279
312	312	2.331484
313	313	3.353171
314	314	3.878294
315	315	1.725155
316	316	4.818253
317	317	2.788868
318	318	4.175361
319	319	2.744074
320	320	2.619489
321	321	2.321216
322	322	3.843565
323	323	3.540747
324	324	2.848941
325	325	2.074178
326	326	4.768964
327	327	2.824758
328	328	4.357378
329	329	1.051022
330	330	2.182477
331	331	4.191713
332	332	2.050622
333	333	3.78733
334	334	3.053372
335	335	1.702025
336	336	3.143012
337	337	2.141296
338	338	1.727698
339	339	4.010056
340	340	3.384324
341	341	2.263299
342	342	2.477842
343	343	3.343364
344	344	2.859337
345	345	1.990779
346	346	2.776707
347	347	3.944534
348	348	3.441
349	349	3.062897
350	350	2.360426
351	351	2.056952
352	352	2.220529
353	353	4.865129
354	354	1.993231
355	355	2.767689
356	356	4.508982
357	357	1.414893
358	358	4.120383
359	359	3.898232
360	360	3.658652
361	361	2.711642
362	362	2.018935
363	363	2.688506
364	364	1.651723
365	365	2.453762
366	366	5.557851
367	367	4.712583
368	368	2.376672
369	369	3.807519
370	370	2.106061
371	371	3.623944
372	372	3.568617
373	373	2.262018
374	374	5.133128
375	375	3.633034
376	376	4.518239
377	377	3.328273
378	378	2.909345
379	379	5.391278
380	380	4.068588
381	381	2.542459
382	382	3.13703
383	383	4.292659
384	384	3.649053
385	385	4.443756
386	386	2.28344
387	387	4.469179
388	388	1.799591
389	389	1.610246
390	390	3.760064
391	391	4.851029
392	392	5.610558
393	393	4.346513
394	394	3.209332
395	395	3.303702
396	396	3.233602
397	397	5.423451
398	398	3.503322
399	399	2.114897
400	400	2.18642
401	401	3.65528
402	402	1.947861
403	403	2.588595
404	404	2.776347
405	405	2.372104
406	406	2.09837
407	407	3.588437
408	408	3.79832
409	409	5.262758
410	410	3.582309
411	411	4.317668
412	412	3.645654
413	413	3.596348
414	414	1.811183
415	415	2.049401
416	416	5.040755
417	417	4.144901
418	418	4.114879
419	419	1.449587
420	420	2.279041
421	421	3.590499
422	422	4.671279
423	423	4.147486
424	424	4.308686
425	425	3.238919
426	426	1.63852
427	427	4.036042
428	428	4.495751
429	429	2.562702
430	430	1.887365
431	431	3.282988
432	432	1.608084
433	433	3.27628
434	434	2.694252
435	435	4.494493
436	436	2.740163
437	437	3.527439
438	438	3.816001
439	439	1.44644
440	440	4.126685
441	441	2.036962
442	442	2.03333
443	443	5.442455
444	444	2.742445
445	445	2.231017
446	446	0.718927
447	447	4.895487
448	448	1.027038
449	449	2.591506
450	450	1.951402
451	451	3.409127
452	452	1.89026
453	453	3.240982
454	454	2.36112
455	455	2.683794
456	456	4.618717
457	457	3.025017
458	458	3.193449
459	459	2.08533
460	460	2.240909
461	461	2.586228
462	462	3.406673
463	463	4.427718
464	464	2.905175
465	465	2.63238
466	466	2.939564
467	467	3.004974
468	468	3.109027
469	469	4.03987
470	470	2.050053
471	471	4.430671
472	472	2.745197
473	473	2.295906
474	474	2.304638
475	475	1.902553
476	476	3.622361
477	477	3.462698
478	478	3.212045
479	479	3.725898
480	480	5.328348
481	481	2.188259
482	482	1.651357
483	483	3.829545
484	484	4.605577
485	485	2.35813
486	486	2.882294
487	487	3.330324
488	488	3.790172
489	489	3.930799
490	490	2.84136
491	491	4.396068
492	492	4.540672
493	493	3.356558
494	494	2.433373
495	495	4.018206
496	496	2.65102
497	497	4.999101
498	498	3.768707
499	499	4.69922
500	500	1.946737
501	501	1.946434
502	502	5.257622
503	503	4.170713
504	504	2.350572
505	505	4.196404
506	506	3.350247
507	507	3.158031
508	508	1.559399
509	509	2.037218
510	510	3.612339
511	511	4.359615
512	512	4.318102
513	513	2.248834
514	514	5.705541
515	515	3.711573
516	516	1.687307
517	517	1.894208
518	518	1.7478
519	519	3.651231
520	520	3.103629
521	521	3.683678
522	522	3.385829
523	523	3.924453
524	524	2.962413
525	525	3.757255
526	526	1.598091
527	527	4.037612
528	528	3.244366
529	529	1.955197
530	530	3.794864
531	531	3.461702
532	532	2.782871
533	533	1.592619
534	534	3.23038
535	535	4.779951
536	536	2.287838
537	537	0.820972
538	538	5.540593
539	539	1.387379
540	540	2.938775
541	541	3.112449
542	542	2.178058
543	543	5.047383
544	544	3.786083
545	545	2.948357
546	546	3.575551
547	547	1.980556
548	548	3.763921
549	549	4.076553
550	550	1.527503
551	551	1.914497
552	552	1.981481
553	553	1.887026
554	554	2.749713
555	555	3.859142
556	556	4.136711
557	557	4.33369
558	558	3.482255
559	559	4.54108
560	560	2.223544
561	561	3.763327
562	562	3.509297
563	563	2.404321
564	564	4.829939
565	565	4.812399
566	566	4.973685
567	567	2.814857
568	568	2.332482
569	569	2.81496
570	570	2.960471
571	571	2.083506
572	572	3.750593
573	573	3.747961
574	574	2.430051
575	575	2.891921
576	576	3.056989
577	577	1.609231
578	578	1.946094
579	579	2.979608
580	580	2.751538
581	581	5.307219
582	582	3.677517
583	583	1.960346
584	584	4.340234
585	585	4.305321
586	586	3.108011
587	587	3.204872
588	588	2.93609
589	589	4.890663
590	590	2.389157
591	591	1.926509
592	592	1.856588
593	593	5.505422
594	594	1.970276
595	595	4.859305
596	596	0.983858
597	597	4.021244
598	598	3.257714
599	599	4.075759
600	600	3.226716
601	601	4.902926
602	602	2.001016
603	603	2.318146
604	604	4.905759
605	605	2.833903
606	606	5.175566
607	607	2.268504
608	608	4.735679
609	609	2.586975
610	610	2.267795
611	611	2.775844
612	612	4.786751
613	613	2.910693
614	614	2.709445
615	615	2.18529
616	616	2.152327
617	617	1.969345
618	618	3.083285
619	619	4.779734
620	620	1.756834
621	621	4.370833
622	622	2.153664
623	623	2.598102
624	624	4.140553
625	625	2.839475
626	626	4.430595
627	627	3.335893
628	628	3.612544
629	629	2.650656
630	630	2.39369
631	631	1.826368
632	632	2.368
633	633	3.778957
634	634	2.082184
635	635	4.043163
636	636	5.283694
637	637	2.385317
638	638	2.558452
639	639	2.03492
640	640	2.340614
641	641	3.184302
642	642	4.990386
643	643	1.919776
644	644	1.858224
645	645	5.064845
646	646	1.466173
647	647	2.615572
648	648	2.989279
649	649	4.222003
650	650	2.161994
651	651	3.818862
652	652	4.699196
653	653	4.523025
654	654	4.338992
655	655	2.200222
656	656	2.744193
657	657	2.203341
658	658	1.831871
659	659	0.463546
660	660	2.010624
661	661	3.626845
662	662	2.159513
663	663	4.255022
664	664	3.316498
665	665	0.96809
666	666	2.634649
667	667	4.897542
668	668	3.565088
669	669	2.980419
670	670	3.852806
671	671	4.100095
672	672	4.177455
673	673	2.013387
674	674	2.354827
675	675	4.270181
676	676	3.528683
677	677	1.978493
678	678	1.93253
679	679	4.248841
680	680	2.273798
681	681	2.636333
682	682	2.239031
683	683	3.262931
684	684	3.689527
685	685	3.154691
686	686	4.469656
687	687	1.799811
688	688	3.21112
689	689	5.278307
690	690	1.828511
691	691	2.219829
692	692	1.930631
693	693	4.16453
694	694	2.268748
695	695	3.091671
696	696	3.821402
697	697	5.595226
698	698	2.139648
699	699	3.519776
700	700	2.589161
701	701	2.562585
702	702	2.165546
703	703	2.117425
704	704	2.346672
705	705	2.700089
706	706	3.871889
707	707	2.831924
708	708	4.672472
709	709	3.593905
710	710	4.761474
711	711	5.488025
712	712	4.172906
713	713	2.24698
714	714	2.372202
715	715	3.750565
716	716	3.109143
717	717	1.861561
718	718	6.42145
719	719	4.487409
720	720	2.203154
721	721	5.392961
722	722	2.78959
723	723	2.582619
724	724	3.030014
725	725	5.518163
726	726	2.272434
727	727	2.510699
728	728	2.716999
729	729	3.956455
730	730	1.689179
731	731	3.70357
732	732	4.583363
733	733	3.555668
734	734	1.487097
735	735	1.585112
736	736	2.970794
737	737	2.151405
738	738	3.150183
739	739	3.346179
740	740	3.309373
741	741	1.949028
742	742	2.052723
743	743	2.454916
744	744	3.766603
745	745	1.883708
746	746	3.277025
747	747	3.68167
748	748	1.218491
749	749	2.845815
750	750	4.149899
751	751	1.673897
752	752	4.608381
753	753	3.356226
754	754	5.241686
755	755	2.065377
756	756	0.744908
757	757	2.339132
758	758	3.351407
759	759	1.943212
760	760	4.409675
761	761	2.090811
762	762	4.735539
763	763	2.103764
764	764	2.37537
765	765	5.209056
766	766	1.752092
767	767	2.372467
768	768	3.273479
769	769	1.906589
770	770	4.467058
771	771	4.373557
772	772	3.363322
773	773	1.614559
774	774	2.033296
775	775	2.177644
776	776	4.538246
777	777	2.308179
778	778	2.945557
779	779	3.520318
780	780	4.754829
781	781	2.98311
782	782	3.35265
783	783	3.617646
784	784	1.400469
785	785	3.654517
786	786	2.378156
787	787	1.612818
788	788	3.908932
789	789	1.53131
790	790	2.399686
791	791	4.244656
792	792	2.05446
793	793	3.949188
794	794	2.411383
795	795	4.577761
796	796	2.616355
797	797	4.584476
798	798	1.882303
799	799	4.153598
800	800	1.705426
801	801	4.694264
802	802	4.943471
803	803	4.172253
804	804	4.182865
805	805	2.745183
806	806	3.792351
807	807	1.841287
808	808	3.823123
809	809	3.093591
810	810	3.202642
811	811	3.37656
812	812	2.636473
813	813	5.673951
814	814	2.894119
815	815	5.440095
816	816	5.033622
817	817	3.220068
818	818	2.98299
819	819	1.55085
820	820	1.9633
821	821	5.761797
822	822	4.800687
823	823	3.318491
824	824	3.895274
825	825	3.76465
826	826	4.585439
827	827	4.606741
828	828	5.609543
829	829	2.216011
830	830	3.553232
831	831	2.968868
832	832	1.2136
833	833	2.422474
834	834	3.493984
835	835	3.196474
836	836	2.475721
837	837	4.476145
838	838	1.754208
839	839	2.980337
840	840	2.170982
841	841	0.981847
842	842	2.301193
843	843	3.946783
844	844	2.383825
845	845	1.995463
846	846	2.148722
847	847	2.507918
848	848	2.27822
849	849	1.919896
850	850	2.508821
851	851	2.536947
852	852	2.301506
853	853	2.155353
854	854	1.851153
855	855	2.786391
856	856	4.727647
857	857	2.745137
858	858	3.778727
859	859	4.734003
860	860	4.226974
861	861	4.641171
862	862	2.061015
863	863	1.267645
864	864	4.173711
865	865	2.38006
866	866	3.702032
867	867	5.300106
868	868	3.175733
869	869	1.768213
870	870	3.900049
871	871	3.205148
872	872	4.033288
873	873	4.138227
874	874	2.833658
875	875	3.002606
876	876	5.237362
877	877	4.203623
878	878	3.002376
879	879	3.085616
880	880	3.626026
881	881	3.175439
882	882	1.57143
883	883	3.305836
884	884	2.944841
885	885	3.339465
886	886	2.888316
887	887	3.131327
888	888	2.158312
889	889	4.053106
890	890	2.674163
891	891	1.736951
892	892	1.905804
893	893	3.221363
894	894	4.580318
895	895	4.724932
896	896	3.024871
897	897	4.640596
898	898	3.818647
899	899	4.281073
900	900	2.095882
901	901	4.389849
902	902	2.540737
903	903	2.419838
904	904	4.15403
905	905	2.140845
906	906	3.703871
907	907	2.248055
908	908	4.494219
909	909	2.2293
910	910	2.779212
911	911	3.444577
912	912	3.261167
913	913	2.465182
914	914	3.905151
915	915	1.533975
916	916	2.230867
917	917	3.044048
918	918	3.155797
919	919	2.317556
920	920	2.235515
921	921	3.004242
922	922	1.964502
923	923	2.367119
924	924	4.75026
925	925	2.938653
926	926	3.375837
927	927	6.863109
928	928	2.578858
929	929	2.613261
930	930	2.81659
931	931	3.51419
932	932	4.043916
933	933	4.086999
934	934	2.868759
935	935	2.377015
936	936	4.00617
937	937	4.109759
938	938	2.518231
939	939	3.729017
940	940	2.069608
941	941	4.894061
942	942	2.436673
943	943	4.304418
944	944	3.649471
945	945	2.918864
946	946	2.15208
947	947	3.322464
948	948	3.961851
949	949	3.625796
950	950	3.969047
951	951	5.03538
952	952	4.165697
953	953	2.973142
954	954	2.554403
955	955	3.079452
956	956	3.140556
957	957	3.214732
958	958	2.020264
959	959	3.392987
960	960	3.728973
961	961	2.228492
962	962	3.279235
963	963	4.331854
964	964	1.600588
965	965	1.434756
966	966	2.042066
967	967	1.101472
968	968	3.319231
969	969	2.353523
970	970	4.380439
971	971	1.925737
972	972	3.401494
973	973	3.910815
974	974	3.447138
975	975	4.505541
976	976	1.154376
977	977	3.511004
978	978	3.36135
979	979	4.062071
980	980	2.144928
981	981	2.408673
982	982	1.977577
983	983	0.867267
984	984	4.08257
985	985	3.058292
986	986	2.234895
987	987	3.636002
988	988	4.46345
989	989	3.057513
990	990	3.561392
991	991	2.65203
992	992	3.563874
993	993	3.294951
994	994	4.497099
995	995	3.651587
996	996	3.649863
997	997	2.937007
998	998	3.128024
999	999	1.342911
1000	1000	5.314176
